90 0 9.962180 4063233454 90005
90 1 9.924552 4052564547 90011
50 0 3.106351 1262957611 50010
50 1 3.080881 1252860359 50012
10 0 0.148023 53711410 10011
10 1 0.147514 53551892 10012
90 0 9.944852 4054999860 90006
90 1 9.907239 4052096075 90008
50 0 3.075783 1254187758 50008
50 1 3.074305 1253213242 50012
10 0 0.161660 53283569 10008
10 1 0.147714 53419122 10008
90 0 10.024252 4059905617 90004
90 1 9.951908 4052043590 90008
50 0 3.093561 1256034211 50009
50 1 3.083954 1252569812 50007
10 0 0.145342 53760092 10011
10 1 0.144304 53518742 10015
